#ifndef _COSTABLE_
#define _COSTABLE_

#include <stdint.h>

static float costables[64][64] = /*{
{
1.0 , 0.9807852804032304 , 0.9238795325112867 , 0.8314696123025452 , 0.7071067811865476 , 0.5555702330196023 , 0.38268343236508984 , 0.19509032201612833 , 1.0 , 0.8314696123025452 , 0.38268343236508984 , -0.1950903220161282 , -0.7071067811865475 , -0.9807852804032304 , -0.9238795325112868 , -0.5555702330196022 , 1.0 , 0.5555702330196023 , -0.3826834323650897 , -0.9807852804032304 , -0.7071067811865477 , 0.1950903220161283 , 0.9238795325112865 , 0.8314696123025455 , 1.0 , 0.19509032201612833 , -0.9238795325112867 , -0.5555702330196022 , 0.7071067811865474 , 0.8314696123025455 , -0.3826834323650899 , -0.9807852804032307 , 1.0 , -0.1950903220161282 , -0.9238795325112868 , 0.5555702330196018 , 0.7071067811865477 , -0.8314696123025451 , -0.38268343236509056 , 0.9807852804032304 , 1.0 , -0.555570233019602 , -0.38268343236509034 , 0.9807852804032307 , -0.7071067811865467 , -0.19509032201612977 , 0.9238795325112874 , -0.831469612302544 , 1.0 , -0.8314696123025453 , 0.38268343236509 , 0.19509032201612792 , -0.7071067811865471 , 0.9807852804032303 , -0.9238795325112871 , 0.5555702330196044 , 1.0 , -0.9807852804032304 , 0.9238795325112865 , -0.8314696123025442 , 0.7071067811865466 , -0.5555702330196015 , 0.3826834323650863 , -0.19509032201612508 , }, 
{
0.9807852804032304 , 0.9619397662556434 , 0.9061274463528878 , 0.8154931568489171 , 0.6935199226610738 , 0.5448951067758186 , 0.3753302775178653 , 0.19134171618254495 , 0.9807852804032304 , 0.8154931568489171 , 0.3753302775178653 , -0.1913417161825448 , -0.6935199226610737 , -0.9619397662556434 , -0.9061274463528879 , -0.5448951067758185 , 0.9807852804032304 , 0.5448951067758186 , -0.3753302775178652 , -0.9619397662556434 , -0.6935199226610739 , 0.19134171618254492 , 0.9061274463528876 , 0.8154931568489173 , 0.9807852804032304 , 0.19134171618254495 , -0.9061274463528878 , -0.5448951067758185 , 0.6935199226610735 , 0.8154931568489173 , -0.37533027751786535 , -0.9619397662556436 , 0.9807852804032304 , -0.1913417161825448 , -0.9061274463528879 , 0.5448951067758183 , 0.6935199226610739 , -0.815493156848917 , -0.375330277517866 , 0.9619397662556434 , 0.9807852804032304 , -0.5448951067758184 , -0.3753302775178658 , 0.9619397662556436 , -0.6935199226610729 , -0.19134171618254636 , 0.9061274463528884 , -0.8154931568489159 , 0.9807852804032304 , -0.8154931568489172 , 0.37533027751786546 , 0.19134171618254453 , -0.6935199226610733 , 0.9619397662556433 , -0.9061274463528881 , 0.5448951067758208 , 0.9807852804032304 , -0.9619397662556434 , 0.9061274463528876 , -0.8154931568489161 , 0.6935199226610728 , -0.544895106775818 , 0.3753302775178618 , -0.19134171618254175 , }, 
{
0.9238795325112867 , 0.9061274463528878 , 0.8535533905932737 , 0.7681777567114163 , 0.6532814824381883 , 0.5132799671593368 , 0.35355339059327384 , 0.18023995550173702 , 0.9238795325112867 , 0.7681777567114163 , 0.35355339059327384 , -0.1802399555017369 , -0.6532814824381882 , -0.9061274463528878 , -0.8535533905932738 , -0.5132799671593367 , 0.9238795325112867 , 0.5132799671593368 , -0.35355339059327373 , -0.9061274463528878 , -0.6532814824381884 , 0.18023995550173702 , 0.8535533905932735 , 0.7681777567114165 , 0.9238795325112867 , 0.18023995550173702 , -0.8535533905932737 , -0.5132799671593367 , 0.6532814824381881 , 0.7681777567114165 , -0.35355339059327384 , -0.906127446352888 , 0.9238795325112867 , -0.1802399555017369 , -0.8535533905932738 , 0.5132799671593364 , 0.6532814824381884 , -0.7681777567114162 , -0.3535533905932745 , 0.9061274463528878 , 0.9238795325112867 , -0.5132799671593365 , -0.3535533905932743 , 0.906127446352888 , -0.6532814824381875 , -0.18023995550173838 , 0.8535533905932744 , -0.7681777567114152 , 0.9238795325112867 , -0.7681777567114164 , 0.35355339059327395 , 0.18023995550173666 , -0.6532814824381878 , 0.9061274463528877 , -0.8535533905932741 , 0.5132799671593388 , 0.9238795325112867 , -0.9061274463528878 , 0.8535533905932735 , -0.7681777567114154 , 0.6532814824381874 , -0.5132799671593361 , 0.3535533905932705 , -0.18023995550173402 , }, 
{
0.8314696123025452 , 0.8154931568489171 , 0.7681777567114163 , 0.6913417161825449 , 0.5879378012096794 , 0.4619397662556434 , 0.3181896451432085 , 0.16221167441072892 , 0.8314696123025452 , 0.6913417161825449 , 0.3181896451432085 , -0.1622116744107288 , -0.5879378012096793 , -0.8154931568489171 , -0.7681777567114164 , -0.4619397662556433 , 0.8314696123025452 , 0.4619397662556434 , -0.31818964514320847 , -0.8154931568489171 , -0.5879378012096795 , 0.1622116744107289 , 0.7681777567114161 , 0.691341716182545 , 0.8314696123025452 , 0.16221167441072892 , -0.7681777567114163 , -0.4619397662556433 , 0.5879378012096792 , 0.691341716182545 , -0.3181896451432086 , -0.8154931568489173 , 0.8314696123025452 , -0.1622116744107288 , -0.7681777567114164 , 0.46193976625564304 , 0.5879378012096795 , -0.6913417161825448 , -0.31818964514320913 , 0.8154931568489171 , 0.8314696123025452 , -0.46193976625564315 , -0.31818964514320897 , 0.8154931568489173 , -0.5879378012096786 , -0.16221167441073012 , 0.7681777567114169 , -0.6913417161825439 , 0.8314696123025452 , -0.691341716182545 , 0.3181896451432087 , 0.1622116744107286 , -0.587937801209679 , 0.815493156848917 , -0.7681777567114166 , 0.4619397662556452 , 0.8314696123025452 , -0.8154931568489171 , 0.7681777567114161 , -0.691341716182544 , 0.5879378012096785 , -0.46193976625564276 , 0.3181896451432056 , -0.16221167441072623 , }, 
{
0.7071067811865476 , 0.6935199226610738 , 0.6532814824381883 , 0.5879378012096794 , 0.5000000000000001 , 0.3928474791935512 , 0.27059805007309856 , 0.13794968964147156 , 0.7071067811865476 , 0.5879378012096794 , 0.27059805007309856 , -0.13794968964147147 , -0.5 , -0.6935199226610738 , -0.6532814824381884 , -0.39284747919355106 , 0.7071067811865476 , 0.3928474791935512 , -0.2705980500730985 , -0.6935199226610738 , -0.5000000000000001 , 0.13794968964147153 , 0.6532814824381882 , 0.5879378012096795 , 0.7071067811865476 , 0.13794968964147156 , -0.6532814824381883 , -0.39284747919355106 , 0.4999999999999999 , 0.5879378012096795 , -0.2705980500730986 , -0.6935199226610739 , 0.7071067811865476 , -0.13794968964147147 , -0.6532814824381884 , 0.39284747919355084 , 0.5000000000000001 , -0.5879378012096793 , -0.27059805007309906 , 0.6935199226610738 , 0.7071067811865476 , -0.39284747919355095 , -0.2705980500730989 , 0.6935199226610739 , -0.49999999999999944 , -0.13794968964147258 , 0.6532814824381887 , -0.5879378012096785 , 0.7071067811865476 , -0.5879378012096794 , 0.2705980500730987 , 0.13794968964147128 , -0.4999999999999998 , 0.6935199226610737 , -0.6532814824381885 , 0.3928474791935527 , 0.7071067811865476 , -0.6935199226610738 , 0.6532814824381882 , -0.5879378012096786 , 0.4999999999999994 , -0.3928474791935506 , 0.27059805007309606 , -0.13794968964146925 , }, 
{
0.5555702330196023 , 0.5448951067758186 , 0.5132799671593368 , 0.4619397662556434 , 0.3928474791935512 , 0.3086582838174552 , 0.21260752369181418 , 0.10838637566236967 , 0.5555702330196023 , 0.4619397662556434 , 0.21260752369181418 , -0.10838637566236958 , -0.3928474791935511 , -0.5448951067758186 , -0.5132799671593369 , -0.30865828381745514 , 0.5555702330196023 , 0.3086582838174552 , -0.2126075236918141 , -0.5448951067758186 , -0.39284747919355123 , 0.10838637566236965 , 0.5132799671593367 , 0.46193976625564354 , 0.5555702330196023 , 0.10838637566236967 , -0.5132799671593368 , -0.30865828381745514 , 0.39284747919355106 , 0.46193976625564354 , -0.2126075236918142 , -0.5448951067758189 , 0.5555702330196023 , -0.10838637566236958 , -0.5132799671593369 , 0.3086582838174549 , 0.39284747919355123 , -0.46193976625564337 , -0.21260752369181457 , 0.5448951067758186 , 0.5555702330196023 , -0.308658283817455 , -0.21260752369181446 , 0.5448951067758189 , -0.3928474791935507 , -0.10838637566237047 , 0.5132799671593372 , -0.46193976625564276 , 0.5555702330196023 , -0.4619397662556435 , 0.21260752369181427 , 0.10838637566236943 , -0.3928474791935509 , 0.5448951067758186 , -0.513279967159337 , 0.30865828381745636 , 0.5555702330196023 , -0.5448951067758186 , 0.5132799671593367 , -0.46193976625564287 , 0.3928474791935506 , -0.30865828381745475 , 0.2126075236918122 , -0.10838637566236786 , }, 
{
0.38268343236508984 , 0.3753302775178653 , 0.35355339059327384 , 0.3181896451432085 , 0.27059805007309856 , 0.21260752369181418 , 0.1464466094067263 , 0.07465783405034264 , 0.38268343236508984 , 0.3181896451432085 , 0.1464466094067263 , -0.07465783405034258 , -0.2705980500730985 , -0.3753302775178653 , -0.35355339059327384 , -0.21260752369181413 , 0.38268343236508984 , 0.21260752369181418 , -0.14644660940672624 , -0.3753302775178653 , -0.2705980500730986 , 0.07465783405034264 , 0.35355339059327373 , 0.31818964514320863 , 0.38268343236508984 , 0.07465783405034264 , -0.35355339059327384 , -0.21260752369181413 , 0.27059805007309845 , 0.31818964514320863 , -0.1464466094067263 , -0.3753302775178654 , 0.38268343236508984 , -0.07465783405034258 , -0.35355339059327384 , 0.21260752369181402 , 0.2705980500730986 , -0.3181896451432085 , -0.14644660940672657 , 0.3753302775178653 , 0.38268343236508984 , -0.21260752369181404 , -0.1464466094067265 , 0.3753302775178654 , -0.27059805007309823 , -0.0746578340503432 , 0.35355339059327406 , -0.3181896451432081 , 0.38268343236508984 , -0.3181896451432086 , 0.14644660940672635 , 0.07465783405034249 , -0.2705980500730984 , 0.37533027751786524 , -0.35355339059327395 , 0.212607523691815 , 0.38268343236508984 , -0.3753302775178653 , 0.35355339059327373 , -0.31818964514320813 , 0.2705980500730982 , -0.21260752369181388 , 0.14644660940672494 , -0.0746578340503414 , }, 
{
0.19509032201612833 , 0.19134171618254495 , 0.18023995550173702 , 0.16221167441072892 , 0.13794968964147156 , 0.10838637566236967 , 0.07465783405034264 , 0.038060233744356645 , 0.19509032201612833 , 0.16221167441072892 , 0.07465783405034264 , -0.03806023374435662 , -0.13794968964147153 , -0.19134171618254495 , -0.18023995550173705 , -0.10838637566236964 , 0.19509032201612833 , 0.10838637566236967 , -0.07465783405034263 , -0.19134171618254495 , -0.13794968964147158 , 0.038060233744356645 , 0.180239955501737 , 0.16221167441072898 , 0.19509032201612833 , 0.038060233744356645 , -0.18023995550173702 , -0.10838637566236964 , 0.13794968964147153 , 0.16221167441072898 , -0.07465783405034265 , -0.19134171618254497 , 0.19509032201612833 , -0.03806023374435662 , -0.18023995550173705 , 0.10838637566236958 , 0.13794968964147158 , -0.1622116744107289 , -0.07465783405034278 , 0.19134171618254495 , 0.19509032201612833 , -0.1083863756623696 , -0.07465783405034274 , 0.19134171618254497 , -0.1379496896414714 , -0.03806023374435693 , 0.18023995550173716 , -0.1622116744107287 , 0.19509032201612833 , -0.16221167441072895 , 0.07465783405034268 , 0.03806023374435657 , -0.13794968964147147 , 0.19134171618254492 , -0.1802399555017371 , 0.10838637566237007 , 0.19509032201612833 , -0.19134171618254495 , 0.180239955501737 , -0.16221167441072873 , 0.13794968964147136 , -0.10838637566236951 , 0.07465783405034195 , -0.03806023374435601 , }, 
{
1.0 , 0.9807852804032304 , 0.9238795325112867 , 0.8314696123025452 , 0.7071067811865476 , 0.5555702330196023 , 0.38268343236508984 , 0.19509032201612833 , 1.0 , 0.8314696123025452 , 0.38268343236508984 , -0.1950903220161282 , -0.7071067811865475 , -0.9807852804032304 , -0.9238795325112868 , -0.5555702330196022 , 1.0 , 0.5555702330196023 , -0.3826834323650897 , -0.9807852804032304 , -0.7071067811865477 , 0.1950903220161283 , 0.9238795325112865 , 0.8314696123025455 , 1.0 , 0.19509032201612833 , -0.9238795325112867 , -0.5555702330196022 , 0.7071067811865474 , 0.8314696123025455 , -0.3826834323650899 , -0.9807852804032307 , 1.0 , -0.1950903220161282 , -0.9238795325112868 , 0.5555702330196018 , 0.7071067811865477 , -0.8314696123025451 , -0.38268343236509056 , 0.9807852804032304 , 1.0 , -0.555570233019602 , -0.38268343236509034 , 0.9807852804032307 , -0.7071067811865467 , -0.19509032201612977 , 0.9238795325112874 , -0.831469612302544 , 1.0 , -0.8314696123025453 , 0.38268343236509 , 0.19509032201612792 , -0.7071067811865471 , 0.9807852804032303 , -0.9238795325112871 , 0.5555702330196044 , 1.0 , -0.9807852804032304 , 0.9238795325112865 , -0.8314696123025442 , 0.7071067811865466 , -0.5555702330196015 , 0.3826834323650863 , -0.19509032201612508 , }, 
{
0.8314696123025452 , 0.8154931568489171 , 0.7681777567114163 , 0.6913417161825449 , 0.5879378012096794 , 0.4619397662556434 , 0.3181896451432085 , 0.16221167441072892 , 0.8314696123025452 , 0.6913417161825449 , 0.3181896451432085 , -0.1622116744107288 , -0.5879378012096793 , -0.8154931568489171 , -0.7681777567114164 , -0.4619397662556433 , 0.8314696123025452 , 0.4619397662556434 , -0.31818964514320847 , -0.8154931568489171 , -0.5879378012096795 , 0.1622116744107289 , 0.7681777567114161 , 0.691341716182545 , 0.8314696123025452 , 0.16221167441072892 , -0.7681777567114163 , -0.4619397662556433 , 0.5879378012096792 , 0.691341716182545 , -0.3181896451432086 , -0.8154931568489173 , 0.8314696123025452 , -0.1622116744107288 , -0.7681777567114164 , 0.46193976625564304 , 0.5879378012096795 , -0.6913417161825448 , -0.31818964514320913 , 0.8154931568489171 , 0.8314696123025452 , -0.46193976625564315 , -0.31818964514320897 , 0.8154931568489173 , -0.5879378012096786 , -0.16221167441073012 , 0.7681777567114169 , -0.6913417161825439 , 0.8314696123025452 , -0.691341716182545 , 0.3181896451432087 , 0.1622116744107286 , -0.587937801209679 , 0.815493156848917 , -0.7681777567114166 , 0.4619397662556452 , 0.8314696123025452 , -0.8154931568489171 , 0.7681777567114161 , -0.691341716182544 , 0.5879378012096785 , -0.46193976625564276 , 0.3181896451432056 , -0.16221167441072623 , }, 
{
0.38268343236508984 , 0.3753302775178653 , 0.35355339059327384 , 0.3181896451432085 , 0.27059805007309856 , 0.21260752369181418 , 0.1464466094067263 , 0.07465783405034264 , 0.38268343236508984 , 0.3181896451432085 , 0.1464466094067263 , -0.07465783405034258 , -0.2705980500730985 , -0.3753302775178653 , -0.35355339059327384 , -0.21260752369181413 , 0.38268343236508984 , 0.21260752369181418 , -0.14644660940672624 , -0.3753302775178653 , -0.2705980500730986 , 0.07465783405034264 , 0.35355339059327373 , 0.31818964514320863 , 0.38268343236508984 , 0.07465783405034264 , -0.35355339059327384 , -0.21260752369181413 , 0.27059805007309845 , 0.31818964514320863 , -0.1464466094067263 , -0.3753302775178654 , 0.38268343236508984 , -0.07465783405034258 , -0.35355339059327384 , 0.21260752369181402 , 0.2705980500730986 , -0.3181896451432085 , -0.14644660940672657 , 0.3753302775178653 , 0.38268343236508984 , -0.21260752369181404 , -0.1464466094067265 , 0.3753302775178654 , -0.27059805007309823 , -0.0746578340503432 , 0.35355339059327406 , -0.3181896451432081 , 0.38268343236508984 , -0.3181896451432086 , 0.14644660940672635 , 0.07465783405034249 , -0.2705980500730984 , 0.37533027751786524 , -0.35355339059327395 , 0.212607523691815 , 0.38268343236508984 , -0.3753302775178653 , 0.35355339059327373 , -0.31818964514320813 , 0.2705980500730982 , -0.21260752369181388 , 0.14644660940672494 , -0.0746578340503414 , }, 
{
-0.1950903220161282 , -0.1913417161825448 , -0.1802399555017369 , -0.1622116744107288 , -0.13794968964147147 , -0.10838637566236958 , -0.07465783405034258 , -0.03806023374435662 , -0.1950903220161282 , -0.1622116744107288 , -0.07465783405034258 , 0.03806023374435659 , 0.13794968964147145 , 0.1913417161825448 , 0.18023995550173694 , 0.10838637566236957 , -0.1950903220161282 , -0.10838637566236958 , 0.07465783405034257 , 0.1913417161825448 , 0.13794968964147147 , -0.03806023374435662 , -0.18023995550173685 , -0.16221167441072887 , -0.1950903220161282 , -0.03806023374435662 , 0.1802399555017369 , 0.10838637566236957 , -0.13794968964147142 , -0.16221167441072887 , 0.0746578340503426 , 0.19134171618254486 , -0.1950903220161282 , 0.03806023374435659 , 0.18023995550173694 , -0.1083863756623695 , -0.13794968964147147 , 0.16221167441072878 , 0.07465783405034274 , -0.1913417161825448 , -0.1950903220161282 , 0.10838637566236953 , 0.07465783405034268 , -0.19134171618254486 , 0.13794968964147128 , 0.0380602337443569 , -0.18023995550173705 , 0.16221167441072856 , -0.1950903220161282 , 0.16221167441072884 , -0.07465783405034263 , -0.03806023374435654 , 0.13794968964147136 , -0.19134171618254478 , 0.18023995550173696 , -0.10838637566237 , -0.1950903220161282 , 0.1913417161825448 , -0.18023995550173685 , 0.16221167441072862 , -0.13794968964147128 , 0.10838637566236943 , -0.0746578340503419 , 0.038060233744355985 , }, 
{
-0.7071067811865475 , -0.6935199226610737 , -0.6532814824381882 , -0.5879378012096793 , -0.5 , -0.3928474791935511 , -0.2705980500730985 , -0.13794968964147153 , -0.7071067811865475 , -0.5879378012096793 , -0.2705980500730985 , 0.13794968964147145 , 0.4999999999999999 , 0.6935199226610737 , 0.6532814824381883 , 0.392847479193551 , -0.7071067811865475 , -0.3928474791935511 , 0.27059805007309845 , 0.6935199226610737 , 0.5000000000000001 , -0.13794968964147153 , -0.6532814824381881 , -0.5879378012096794 , -0.7071067811865475 , -0.13794968964147153 , 0.6532814824381882 , 0.392847479193551 , -0.49999999999999983 , -0.5879378012096794 , 0.27059805007309856 , 0.6935199226610738 , -0.7071067811865475 , 0.13794968964147145 , 0.6532814824381883 , -0.3928474791935508 , -0.5000000000000001 , 0.5879378012096792 , 0.270598050073099 , -0.6935199226610737 , -0.7071067811865475 , 0.39284747919355084 , 0.2705980500730989 , -0.6935199226610738 , 0.4999999999999994 , 0.13794968964147256 , -0.6532814824381886 , 0.5879378012096784 , -0.7071067811865475 , 0.5879378012096794 , -0.2705980500730986 , -0.13794968964147125 , 0.49999999999999967 , -0.6935199226610735 , 0.6532814824381884 , -0.3928474791935526 , -0.7071067811865475 , 0.6935199226610737 , -0.6532814824381881 , 0.5879378012096786 , -0.4999999999999993 , 0.39284747919355056 , -0.270598050073096 , 0.13794968964146925 , }, 
{
-0.9807852804032304 , -0.9619397662556434 , -0.9061274463528878 , -0.8154931568489171 , -0.6935199226610738 , -0.5448951067758186 , -0.3753302775178653 , -0.19134171618254495 , -0.9807852804032304 , -0.8154931568489171 , -0.3753302775178653 , 0.1913417161825448 , 0.6935199226610737 , 0.9619397662556434 , 0.9061274463528879 , 0.5448951067758185 , -0.9807852804032304 , -0.5448951067758186 , 0.3753302775178652 , 0.9619397662556434 , 0.6935199226610739 , -0.19134171618254492 , -0.9061274463528876 , -0.8154931568489173 , -0.9807852804032304 , -0.19134171618254495 , 0.9061274463528878 , 0.5448951067758185 , -0.6935199226610735 , -0.8154931568489173 , 0.37533027751786535 , 0.9619397662556436 , -0.9807852804032304 , 0.1913417161825448 , 0.9061274463528879 , -0.5448951067758183 , -0.6935199226610739 , 0.815493156848917 , 0.375330277517866 , -0.9619397662556434 , -0.9807852804032304 , 0.5448951067758184 , 0.3753302775178658 , -0.9619397662556436 , 0.6935199226610729 , 0.19134171618254636 , -0.9061274463528884 , 0.8154931568489159 , -0.9807852804032304 , 0.8154931568489172 , -0.37533027751786546 , -0.19134171618254453 , 0.6935199226610733 , -0.9619397662556433 , 0.9061274463528881 , -0.5448951067758208 , -0.9807852804032304 , 0.9619397662556434 , -0.9061274463528876 , 0.8154931568489161 , -0.6935199226610728 , 0.544895106775818 , -0.3753302775178618 , 0.19134171618254175 , }, 
{
-0.9238795325112868 , -0.9061274463528879 , -0.8535533905932738 , -0.7681777567114164 , -0.6532814824381884 , -0.5132799671593369 , -0.35355339059327384 , -0.18023995550173705 , -0.9238795325112868 , -0.7681777567114164 , -0.35355339059327384 , 0.18023995550173694 , 0.6532814824381883 , 0.9061274463528879 , 0.853553390593274 , 0.5132799671593368 , -0.9238795325112868 , -0.5132799671593369 , 0.35355339059327373 , 0.9061274463528879 , 0.6532814824381885 , -0.18023995550173702 , -0.8535533905932736 , -0.7681777567114166 , -0.9238795325112868 , -0.18023995550173705 , 0.8535533905932738 , 0.5132799671593368 , -0.6532814824381882 , -0.7681777567114166 , 0.3535533905932739 , 0.9061274463528881 , -0.9238795325112868 , 0.18023995550173694 , 0.853553390593274 , -0.5132799671593364 , -0.6532814824381885 , 0.7681777567114163 , 0.3535533905932745 , -0.9061274463528879 , -0.9238795325112868 , 0.5132799671593365 , 0.35355339059327434 , -0.9061274463528881 , 0.6532814824381875 , 0.18023995550173838 , -0.8535533905932744 , 0.7681777567114153 , -0.9238795325112868 , 0.7681777567114165 , -0.353553390593274 , -0.18023995550173666 , 0.653281482438188 , -0.9061274463528878 , 0.8535533905932742 , -0.5132799671593388 , -0.9238795325112868 , 0.9061274463528879 , -0.8535533905932736 , 0.7681777567114155 , -0.6532814824381874 , 0.5132799671593361 , -0.35355339059327057 , 0.18023995550173405 , }, 
{
-0.5555702330196022 , -0.5448951067758185 , -0.5132799671593367 , -0.4619397662556433 , -0.39284747919355106 , -0.30865828381745514 , -0.21260752369181413 , -0.10838637566236964 , -0.5555702330196022 , -0.4619397662556433 , -0.21260752369181413 , 0.10838637566236957 , 0.392847479193551 , 0.5448951067758185 , 0.5132799671593368 , 0.3086582838174551 , -0.5555702330196022 , -0.30865828381745514 , 0.21260752369181407 , 0.5448951067758185 , 0.3928474791935511 , -0.10838637566236962 , -0.5132799671593365 , -0.4619397662556435 , -0.5555702330196022 , -0.10838637566236964 , 0.5132799671593367 , 0.3086582838174551 , -0.39284747919355095 , -0.4619397662556435 , 0.21260752369181415 , 0.5448951067758188 , -0.5555702330196022 , 0.10838637566236957 , 0.5132799671593368 , -0.30865828381745486 , -0.3928474791935511 , 0.46193976625564326 , 0.21260752369181454 , -0.5448951067758185 , -0.5555702330196022 , 0.3086582838174549 , 0.2126075236918144 , -0.5448951067758188 , 0.39284747919355056 , 0.10838637566237044 , -0.5132799671593371 , 0.46193976625564265 , -0.5555702330196022 , 0.4619397662556434 , -0.2126075236918142 , -0.10838637566236942 , 0.39284747919355084 , -0.5448951067758185 , 0.5132799671593369 , -0.3086582838174563 , -0.5555702330196022 , 0.5448951067758185 , -0.5132799671593365 , 0.46193976625564276 , -0.3928474791935505 , 0.3086582838174547 , -0.21260752369181216 , 0.10838637566236783 , }, 
{
1.0 , 0.9807852804032304 , 0.9238795325112867 , 0.8314696123025452 , 0.7071067811865476 , 0.5555702330196023 , 0.38268343236508984 , 0.19509032201612833 , 1.0 , 0.8314696123025452 , 0.38268343236508984 , -0.1950903220161282 , -0.7071067811865475 , -0.9807852804032304 , -0.9238795325112868 , -0.5555702330196022 , 1.0 , 0.5555702330196023 , -0.3826834323650897 , -0.9807852804032304 , -0.7071067811865477 , 0.1950903220161283 , 0.9238795325112865 , 0.8314696123025455 , 1.0 , 0.19509032201612833 , -0.9238795325112867 , -0.5555702330196022 , 0.7071067811865474 , 0.8314696123025455 , -0.3826834323650899 , -0.9807852804032307 , 1.0 , -0.1950903220161282 , -0.9238795325112868 , 0.5555702330196018 , 0.7071067811865477 , -0.8314696123025451 , -0.38268343236509056 , 0.9807852804032304 , 1.0 , -0.555570233019602 , -0.38268343236509034 , 0.9807852804032307 , -0.7071067811865467 , -0.19509032201612977 , 0.9238795325112874 , -0.831469612302544 , 1.0 , -0.8314696123025453 , 0.38268343236509 , 0.19509032201612792 , -0.7071067811865471 , 0.9807852804032303 , -0.9238795325112871 , 0.5555702330196044 , 1.0 , -0.9807852804032304 , 0.9238795325112865 , -0.8314696123025442 , 0.7071067811865466 , -0.5555702330196015 , 0.3826834323650863 , -0.19509032201612508 , }, 
{
0.5555702330196023 , 0.5448951067758186 , 0.5132799671593368 , 0.4619397662556434 , 0.3928474791935512 , 0.3086582838174552 , 0.21260752369181418 , 0.10838637566236967 , 0.5555702330196023 , 0.4619397662556434 , 0.21260752369181418 , -0.10838637566236958 , -0.3928474791935511 , -0.5448951067758186 , -0.5132799671593369 , -0.30865828381745514 , 0.5555702330196023 , 0.3086582838174552 , -0.2126075236918141 , -0.5448951067758186 , -0.39284747919355123 , 0.10838637566236965 , 0.5132799671593367 , 0.46193976625564354 , 0.5555702330196023 , 0.10838637566236967 , -0.5132799671593368 , -0.30865828381745514 , 0.39284747919355106 , 0.46193976625564354 , -0.2126075236918142 , -0.5448951067758189 , 0.5555702330196023 , -0.10838637566236958 , -0.5132799671593369 , 0.3086582838174549 , 0.39284747919355123 , -0.46193976625564337 , -0.21260752369181457 , 0.5448951067758186 , 0.5555702330196023 , -0.308658283817455 , -0.21260752369181446 , 0.5448951067758189 , -0.3928474791935507 , -0.10838637566237047 , 0.5132799671593372 , -0.46193976625564276 , 0.5555702330196023 , -0.4619397662556435 , 0.21260752369181427 , 0.10838637566236943 , -0.3928474791935509 , 0.5448951067758186 , -0.513279967159337 , 0.30865828381745636 , 0.5555702330196023 , -0.5448951067758186 , 0.5132799671593367 , -0.46193976625564287 , 0.3928474791935506 , -0.30865828381745475 , 0.2126075236918122 , -0.10838637566236786 , }, 
{
-0.3826834323650897 , -0.3753302775178652 , -0.35355339059327373 , -0.31818964514320847 , -0.2705980500730985 , -0.2126075236918141 , -0.14644660940672624 , -0.07465783405034263 , -0.3826834323650897 , -0.31818964514320847 , -0.14644660940672624 , 0.07465783405034257 , 0.27059805007309845 , 0.3753302775178652 , 0.35355339059327373 , 0.21260752369181407 , -0.3826834323650897 , -0.2126075236918141 , 0.1464466094067262 , 0.3753302775178652 , 0.2705980500730985 , -0.07465783405034261 , -0.3535533905932736 , -0.3181896451432085 , -0.3826834323650897 , -0.07465783405034263 , 0.35355339059327373 , 0.21260752369181407 , -0.2705980500730984 , -0.3181896451432085 , 0.14644660940672627 , 0.3753302775178653 , -0.3826834323650897 , 0.07465783405034257 , 0.35355339059327373 , -0.21260752369181393 , -0.2705980500730985 , 0.3181896451432084 , 0.14644660940672652 , -0.3753302775178652 , -0.3826834323650897 , 0.212607523691814 , 0.14644660940672644 , -0.3753302775178653 , 0.2705980500730981 , 0.07465783405034318 , -0.35355339059327395 , 0.31818964514320797 , -0.3826834323650897 , 0.31818964514320847 , -0.1464466094067263 , -0.07465783405034246 , 0.2705980500730983 , -0.37533027751786513 , 0.35355339059327384 , -0.21260752369181493 , -0.3826834323650897 , 0.3753302775178652 , -0.3535533905932736 , 0.3181896451432081 , -0.2705980500730981 , 0.21260752369181382 , -0.14644660940672488 , 0.07465783405034138 , }, 
{
-0.9807852804032304 , -0.9619397662556434 , -0.9061274463528878 , -0.8154931568489171 , -0.6935199226610738 , -0.5448951067758186 , -0.3753302775178653 , -0.19134171618254495 , -0.9807852804032304 , -0.8154931568489171 , -0.3753302775178653 , 0.1913417161825448 , 0.6935199226610737 , 0.9619397662556434 , 0.9061274463528879 , 0.5448951067758185 , -0.9807852804032304 , -0.5448951067758186 , 0.3753302775178652 , 0.9619397662556434 , 0.6935199226610739 , -0.19134171618254492 , -0.9061274463528876 , -0.8154931568489173 , -0.9807852804032304 , -0.19134171618254495 , 0.9061274463528878 , 0.5448951067758185 , -0.6935199226610735 , -0.8154931568489173 , 0.37533027751786535 , 0.9619397662556436 , -0.9807852804032304 , 0.1913417161825448 , 0.9061274463528879 , -0.5448951067758183 , -0.6935199226610739 , 0.815493156848917 , 0.375330277517866 , -0.9619397662556434 , -0.9807852804032304 , 0.5448951067758184 , 0.3753302775178658 , -0.9619397662556436 , 0.6935199226610729 , 0.19134171618254636 , -0.9061274463528884 , 0.8154931568489159 , -0.9807852804032304 , 0.8154931568489172 , -0.37533027751786546 , -0.19134171618254453 , 0.6935199226610733 , -0.9619397662556433 , 0.9061274463528881 , -0.5448951067758208 , -0.9807852804032304 , 0.9619397662556434 , -0.9061274463528876 , 0.8154931568489161 , -0.6935199226610728 , 0.544895106775818 , -0.3753302775178618 , 0.19134171618254175 , }, 
{
-0.7071067811865477 , -0.6935199226610739 , -0.6532814824381884 , -0.5879378012096795 , -0.5000000000000001 , -0.39284747919355123 , -0.2705980500730986 , -0.13794968964147158 , -0.7071067811865477 , -0.5879378012096795 , -0.2705980500730986 , 0.13794968964147147 , 0.5000000000000001 , 0.6935199226610739 , 0.6532814824381885 , 0.3928474791935511 , -0.7071067811865477 , -0.39284747919355123 , 0.2705980500730985 , 0.6935199226610739 , 0.5000000000000002 , -0.13794968964147156 , -0.6532814824381883 , -0.5879378012096796 , -0.7071067811865477 , -0.13794968964147158 , 0.6532814824381884 , 0.3928474791935511 , -0.5 , -0.5879378012096796 , 0.2705980500730986 , 0.693519922661074 , -0.7071067811865477 , 0.13794968964147147 , 0.6532814824381885 , -0.3928474791935509 , -0.5000000000000002 , 0.5879378012096794 , 0.2705980500730991 , -0.6935199226610739 , -0.7071067811865477 , 0.392847479193551 , 0.27059805007309895 , -0.693519922661074 , 0.4999999999999995 , 0.1379496896414726 , -0.6532814824381888 , 0.5879378012096786 , -0.7071067811865477 , 0.5879378012096795 , -0.27059805007309873 , -0.13794968964147128 , 0.49999999999999983 , -0.6935199226610738 , 0.6532814824381886 , -0.39284747919355273 , -0.7071067811865477 , 0.6935199226610739 , -0.6532814824381883 , 0.5879378012096788 , -0.49999999999999944 , 0.3928474791935507 , -0.27059805007309606 , 0.13794968964146928 , }, 
{
0.1950903220161283 , 0.19134171618254492 , 0.18023995550173702 , 0.1622116744107289 , 0.13794968964147153 , 0.10838637566236965 , 0.07465783405034264 , 0.038060233744356645 , 0.1950903220161283 , 0.1622116744107289 , 0.07465783405034264 , -0.03806023374435662 , -0.13794968964147153 , -0.19134171618254492 , -0.18023995550173702 , -0.10838637566236962 , 0.1950903220161283 , 0.10838637566236965 , -0.07465783405034261 , -0.19134171618254492 , -0.13794968964147156 , 0.03806023374435664 , 0.18023995550173696 , 0.16221167441072895 , 0.1950903220161283 , 0.038060233744356645 , -0.18023995550173702 , -0.10838637566236962 , 0.1379496896414715 , 0.16221167441072895 , -0.07465783405034264 , -0.19134171618254497 , 0.1950903220161283 , -0.03806023374435662 , -0.18023995550173702 , 0.10838637566236956 , 0.13794968964147156 , -0.1622116744107289 , -0.07465783405034278 , 0.19134171618254492 , 0.1950903220161283 , -0.10838637566236958 , -0.07465783405034274 , 0.19134171618254497 , -0.13794968964147136 , -0.03806023374435692 , 0.18023995550173713 , -0.16221167441072867 , 0.1950903220161283 , -0.16221167441072892 , 0.07465783405034267 , 0.03806023374435656 , -0.13794968964147145 , 0.1913417161825449 , -0.18023995550173708 , 0.10838637566237005 , 0.1950903220161283 , -0.19134171618254492 , 0.18023995550173696 , -0.1622116744107287 , 0.13794968964147133 , -0.1083863756623695 , 0.07465783405034195 , -0.038060233744356006 , }, 
{
0.9238795325112865 , 0.9061274463528876 , 0.8535533905932735 , 0.7681777567114161 , 0.6532814824381882 , 0.5132799671593367 , 0.35355339059327373 , 0.180239955501737 , 0.9238795325112865 , 0.7681777567114161 , 0.35355339059327373 , -0.18023995550173685 , -0.6532814824381881 , -0.9061274463528876 , -0.8535533905932736 , -0.5132799671593365 , 0.9238795325112865 , 0.5132799671593367 , -0.3535533905932736 , -0.9061274463528876 , -0.6532814824381883 , 0.18023995550173696 , 0.8535533905932733 , 0.7681777567114163 , 0.9238795325112865 , 0.180239955501737 , -0.8535533905932735 , -0.5132799671593365 , 0.653281482438188 , 0.7681777567114163 , -0.3535533905932738 , -0.9061274463528878 , 0.9238795325112865 , -0.18023995550173685 , -0.8535533905932736 , 0.5132799671593362 , 0.6532814824381883 , -0.7681777567114161 , -0.3535533905932744 , 0.9061274463528876 , 0.9238795325112865 , -0.5132799671593363 , -0.3535533905932742 , 0.9061274463528878 , -0.6532814824381873 , -0.18023995550173832 , 0.8535533905932742 , -0.768177756711415 , 0.9238795325112865 , -0.7681777567114162 , 0.3535533905932739 , 0.1802399555017366 , -0.6532814824381877 , 0.9061274463528874 , -0.8535533905932738 , 0.5132799671593387 , 0.9238795325112865 , -0.9061274463528876 , 0.8535533905932733 , -0.7681777567114152 , 0.6532814824381872 , -0.513279967159336 , 0.35355339059327046 , -0.180239955501734 , }, 
{
0.8314696123025455 , 0.8154931568489173 , 0.7681777567114165 , 0.691341716182545 , 0.5879378012096795 , 0.46193976625564354 , 0.31818964514320863 , 0.16221167441072898 , 0.8314696123025455 , 0.691341716182545 , 0.31818964514320863 , -0.16221167441072887 , -0.5879378012096794 , -0.8154931568489173 , -0.7681777567114166 , -0.4619397662556435 , 0.8314696123025455 , 0.46193976625564354 , -0.3181896451432085 , -0.8154931568489173 , -0.5879378012096796 , 0.16221167441072895 , 0.7681777567114163 , 0.6913417161825453 , 0.8314696123025455 , 0.16221167441072898 , -0.7681777567114165 , -0.4619397662556435 , 0.5879378012096794 , 0.6913417161825453 , -0.3181896451432087 , -0.8154931568489175 , 0.8314696123025455 , -0.16221167441072887 , -0.7681777567114166 , 0.4619397662556432 , 0.5879378012096796 , -0.691341716182545 , -0.31818964514320924 , 0.8154931568489173 , 0.8314696123025455 , -0.46193976625564326 , -0.318189645143209 , 0.8154931568489175 , -0.5879378012096789 , -0.16221167441073017 , 0.7681777567114171 , -0.691341716182544 , 0.8314696123025455 , -0.6913417161825451 , 0.31818964514320874 , 0.16221167441072862 , -0.5879378012096792 , 0.8154931568489172 , -0.7681777567114167 , 0.4619397662556453 , 0.8314696123025455 , -0.8154931568489173 , 0.7681777567114163 , -0.6913417161825443 , 0.5879378012096788 , -0.4619397662556429 , 0.3181896451432057 , -0.16221167441072626 , }, 
{
1.0 , 0.9807852804032304 , 0.9238795325112867 , 0.8314696123025452 , 0.7071067811865476 , 0.5555702330196023 , 0.38268343236508984 , 0.19509032201612833 , 1.0 , 0.8314696123025452 , 0.38268343236508984 , -0.1950903220161282 , -0.7071067811865475 , -0.9807852804032304 , -0.9238795325112868 , -0.5555702330196022 , 1.0 , 0.5555702330196023 , -0.3826834323650897 , -0.9807852804032304 , -0.7071067811865477 , 0.1950903220161283 , 0.9238795325112865 , 0.8314696123025455 , 1.0 , 0.19509032201612833 , -0.9238795325112867 , -0.5555702330196022 , 0.7071067811865474 , 0.8314696123025455 , -0.3826834323650899 , -0.9807852804032307 , 1.0 , -0.1950903220161282 , -0.9238795325112868 , 0.5555702330196018 , 0.7071067811865477 , -0.8314696123025451 , -0.38268343236509056 , 0.9807852804032304 , 1.0 , -0.555570233019602 , -0.38268343236509034 , 0.9807852804032307 , -0.7071067811865467 , -0.19509032201612977 , 0.9238795325112874 , -0.831469612302544 , 1.0 , -0.8314696123025453 , 0.38268343236509 , 0.19509032201612792 , -0.7071067811865471 , 0.9807852804032303 , -0.9238795325112871 , 0.5555702330196044 , 1.0 , -0.9807852804032304 , 0.9238795325112865 , -0.8314696123025442 , 0.7071067811865466 , -0.5555702330196015 , 0.3826834323650863 , -0.19509032201612508 , }, 
{
0.19509032201612833 , 0.19134171618254495 , 0.18023995550173702 , 0.16221167441072892 , 0.13794968964147156 , 0.10838637566236967 , 0.07465783405034264 , 0.038060233744356645 , 0.19509032201612833 , 0.16221167441072892 , 0.07465783405034264 , -0.03806023374435662 , -0.13794968964147153 , -0.19134171618254495 , -0.18023995550173705 , -0.10838637566236964 , 0.19509032201612833 , 0.10838637566236967 , -0.07465783405034263 , -0.19134171618254495 , -0.13794968964147158 , 0.038060233744356645 , 0.180239955501737 , 0.16221167441072898 , 0.19509032201612833 , 0.038060233744356645 , -0.18023995550173702 , -0.10838637566236964 , 0.13794968964147153 , 0.16221167441072898 , -0.07465783405034265 , -0.19134171618254497 , 0.19509032201612833 , -0.03806023374435662 , -0.18023995550173705 , 0.10838637566236958 , 0.13794968964147158 , -0.1622116744107289 , -0.07465783405034278 , 0.19134171618254495 , 0.19509032201612833 , -0.1083863756623696 , -0.07465783405034274 , 0.19134171618254497 , -0.1379496896414714 , -0.03806023374435693 , 0.18023995550173716 , -0.1622116744107287 , 0.19509032201612833 , -0.16221167441072895 , 0.07465783405034268 , 0.03806023374435657 , -0.13794968964147147 , 0.19134171618254492 , -0.1802399555017371 , 0.10838637566237007 , 0.19509032201612833 , -0.19134171618254495 , 0.180239955501737 , -0.16221167441072873 , 0.13794968964147136 , -0.10838637566236951 , 0.07465783405034195 , -0.03806023374435601 , }, 
{
-0.9238795325112867 , -0.9061274463528878 , -0.8535533905932737 , -0.7681777567114163 , -0.6532814824381883 , -0.5132799671593368 , -0.35355339059327384 , -0.18023995550173702 , -0.9238795325112867 , -0.7681777567114163 , -0.35355339059327384 , 0.1802399555017369 , 0.6532814824381882 , 0.9061274463528878 , 0.8535533905932738 , 0.5132799671593367 , -0.9238795325112867 , -0.5132799671593368 , 0.35355339059327373 , 0.9061274463528878 , 0.6532814824381884 , -0.18023995550173702 , -0.8535533905932735 , -0.7681777567114165 , -0.9238795325112867 , -0.18023995550173702 , 0.8535533905932737 , 0.5132799671593367 , -0.6532814824381881 , -0.7681777567114165 , 0.35355339059327384 , 0.906127446352888 , -0.9238795325112867 , 0.1802399555017369 , 0.8535533905932738 , -0.5132799671593364 , -0.6532814824381884 , 0.7681777567114162 , 0.3535533905932745 , -0.9061274463528878 , -0.9238795325112867 , 0.5132799671593365 , 0.3535533905932743 , -0.906127446352888 , 0.6532814824381875 , 0.18023995550173838 , -0.8535533905932744 , 0.7681777567114152 , -0.9238795325112867 , 0.7681777567114164 , -0.35355339059327395 , -0.18023995550173666 , 0.6532814824381878 , -0.9061274463528877 , 0.8535533905932741 , -0.5132799671593388 , -0.9238795325112867 , 0.9061274463528878 , -0.8535533905932735 , 0.7681777567114154 , -0.6532814824381874 , 0.5132799671593361 , -0.3535533905932705 , 0.18023995550173402 , }, 
{
-0.5555702330196022 , -0.5448951067758185 , -0.5132799671593367 , -0.4619397662556433 , -0.39284747919355106 , -0.30865828381745514 , -0.21260752369181413 , -0.10838637566236964 , -0.5555702330196022 , -0.4619397662556433 , -0.21260752369181413 , 0.10838637566236957 , 0.392847479193551 , 0.5448951067758185 , 0.5132799671593368 , 0.3086582838174551 , -0.5555702330196022 , -0.30865828381745514 , 0.21260752369181407 , 0.5448951067758185 , 0.3928474791935511 , -0.10838637566236962 , -0.5132799671593365 , -0.4619397662556435 , -0.5555702330196022 , -0.10838637566236964 , 0.5132799671593367 , 0.3086582838174551 , -0.39284747919355095 , -0.4619397662556435 , 0.21260752369181415 , 0.5448951067758188 , -0.5555702330196022 , 0.10838637566236957 , 0.5132799671593368 , -0.30865828381745486 , -0.3928474791935511 , 0.46193976625564326 , 0.21260752369181454 , -0.5448951067758185 , -0.5555702330196022 , 0.3086582838174549 , 0.2126075236918144 , -0.5448951067758188 , 0.39284747919355056 , 0.10838637566237044 , -0.5132799671593371 , 0.46193976625564265 , -0.5555702330196022 , 0.4619397662556434 , -0.2126075236918142 , -0.10838637566236942 , 0.39284747919355084 , -0.5448951067758185 , 0.5132799671593369 , -0.3086582838174563 , -0.5555702330196022 , 0.5448951067758185 , -0.5132799671593365 , 0.46193976625564276 , -0.3928474791935505 , 0.3086582838174547 , -0.21260752369181216 , 0.10838637566236783 , }, 
{
